// n = 100, k = 50, seed = 9527, # of sigma = 20, # of algorithms = 3
BCH5 SpecOrth logarithm	Newton Algorithm	Hybrid Algorithm
100	50	9527	20	3
0.1	0.2789473684210526	0.45789473684210524	0.6368421052631579	0.8157894736842105	0.9947368421052631	1.1736842105263159	1.3526315789473684	1.5315789473684212	1.7105263157894737	1.8894736842105264	2.068421052631579	2.2473684210526317	2.4263157894736844	2.6052631578947367	2.7842105263157895	2.963157894736842	3.142105263157895	3.3210526315789473	3.5

BCH5 SpecOrth logarithm
6404082	6519180	9711079	9765185	9782210	13040213	13026904	12946159	16196458	19789472	23133700	29686896	40433787	81273674	236415781	430402371	359837531	222978175	253575173	191040724
6441071	6479825	9735992	9764135	9866479	12940508	13185148	13211490	16440246	19584920	23046829	29716789	43141730	89873044	694052355	562050562	429761729	755539513	405025329	501016444
6366355	6429597	9684862	9819185	9781782	12933585	12834363	12938969	16176095	19346762	22690834	26100690	36044910	56195867	227687766	543869093	516656251	1186766289	566751487	275499205
6560979	6576022	9901614	9802722	9796073	12920728	12894517	12908902	16112940	19246209	22471515	26157798	35985930	55042789	195575024	555884310	586649835	326816296	1112655343	229873680
6440211	6633545	9843455	9786284	9748953	12892165	12980570	13047969	16295508	19600747	22946476	29630188	39462602	79642587	245040841	680998654	514136525	541364725	633912058	802046893
6518842	6527335	9788144	9826076	9911553	13156360	13128083	13100913	16485189	19971639	23158225	29990676	43392203	94367445	290980463	236201495	1203567482	1268942270	305957600	1131975687
6390613	6396899	9557058	9690757	9760775	12978468	12961163	16087262	16159508	19428718	26185325	32838577	53003389	154993695	175021419	197316153	199690042	524248425	207118707	234023769
6620910	6627170	9861034	9829021	9923653	13112967	13185518	13304645	16682554	20018533	23460097	30013282	40519777	74353416	516000967	136501667	307655886	870932080	192112314	205339462
6594627	6688758	10005752	10002002	9977805	13073035	13037410	13058732	16358728	19545034	23079615	29142849	39605215	69393079	1641650498	82026033	321686348	478067094	615026183	271898533
6542910	6667009	10057424	10198761	10237077	13544492	13611640	16892308	16993782	20317416	23735355	33737470	50706179	143012308	168900704	418803394	316873358	414650899	717875909	291884754
6540271	6422038	9738225	9862025	9927271	13117974	13130344	16439873	16399339	19697823	23623433	30114635	46502751	96926339	144649623	761199255	229694606	477614477	290400434	399450665
6612102	6654651	9971662	10027679	10052879	13185801	13134329	13524821	16692891	19926469	23529058	27156134	37182363	64983063	384110171	463393094	540841017	264409001	660154217	1057226453
6665872	6720329	10007849	10021479	10035208	13313028	13272138	13342016	16586105	19849103	23296113	26502507	37105962	67738477	1403316179	522695231	247418734	831014316	267786125	1698529118
6617160	6693217	9979523	10075063	10201699	10185152	13369024	13465649	16852493	20099571	20193143	26977667	33768979	50844596	169301039	247418249	202290374	361102486	363540771	566786915
6315396	6452371	9718750	9821993	9827200	13071054	13122165	16387387	16375369	19767324	23071003	29622286	46515497	105956493	199145966	236983734	397628449	310399158	422388877	316168590
6429692	6669504	9768719	9802384	9823651	13082086	13069410	13169634	16439699	19725567	23015535	29822908	43042679	145105225	162450612	682928449	678665452	537369945	326820288	333712311
6545058	6570517	9838674	9835057	9873367	13137209	13119143	13142996	16494221	19864011	23293709	26672181	37114355	57293223	159891041	137798112	452231997	289031019	578481233	241137893
6197444	6293288	9368012	9391804	9445394	12660109	12730740	15932013	16047905	19350421	22572155	32589558	45633679	124863816	231191479	269841692	159652180	1087132084	335385578	1662910177
6653765	6660762	9893242	9925776	9967040	13227126	13325727	16679759	16643830	20055402	23436176	30094932	44092870	97567326	168399507	631954573	398593393	240221533	300483324	743020286
6511492	6588246	9728926	9710869	9771432	13077818	12969472	12872333	16130102	19378157	22882497	29661833	36435703	60267279	251960888	400861804	262678396	466401712	237688302	633576944
6606274	6578432	9739172	9807671	9761182	12973978	13032539	16251117	16275686	19493485	22845546	29509546	46737952	138288539	164562229	412175981	323562058	189630744	329584285	1053258094
6498735	6596223	9820943	9823002	9774511	12933580	12942513	12984210	16368549	19792593	23116271	29887449	42789624	86120644	160432497	289198137	444111336	465410273	590460901	720974055
6480612	6682253	9969486	10016935	10024139	13283191	13186465	16541021	16613248	19925303	26803540	33796490	53560411	260345346	621042129	290702342	217159173	1187421775	258181445	561972443
6483260	6506351	9740567	9839631	9949924	13167309	13188325	13240756	16356288	19669630	23064657	26560275	36044087	62023038	416514463	965051597	446530705	154212404	825727942	828989017
6489215	6576470	9911688	9938288	9965725	13140274	13121630	13231490	16529537	19625467	19892935	26420171	33254474	46273707	109511163	426270575	177403745	634679313	395864845	1112446770
6614063	6535122	9754965	9808788	9803500	12943167	12892260	12924687	16271448	19545244	23046505	29737818	39830091	76261054	310333336	750514652	1450552714	722718923	388029918	702237016
6487599	6499574	9498395	9531494	9625650	12883188	12800108	12891347	16180934	19577167	22924402	26177486	35971530	61865659	511677757	457129480	384157376	471727399	197935742	286061640
6367563	6461300	9674451	9679838	9768187	13020919	12899938	12971396	16096827	19302317	19506694	25801602	32339763	45449677	88145729	726916118	1233163805	397569556	148291169	1104270986
6413400	6364530	9548302	9588973	9682325	12925559	12883404	16201293	16288736	19788360	23269981	29944072	46836253	96873940	184316597	309889807	179615237	603438939	934146467	1091465687
6497448	6491207	9612861	9653253	9732251	12911079	12894979	12777367	16002812	19489080	22806700	29107101	42228593	75579433	251133383	387095972	500815931	967947551	423880144	141588760
6633663	6462101	9620064	9662739	9753093	12901798	12893562	12900384	16176949	19471136	22869658	29702423	42923657	99597439	319825090	399914631	237096898	190672677	304899430	757040041
6412983	6576447	9793426	9814313	9798074	13015011	13016439	16284342	16309366	19839585	23028957	29367223	45837369	105238595	192740614	503650728	530462931	846631555	833566084	528402063
6413083	6574561	9770730	9805698	9831854	13105450	13116300	16368307	16358725	19793043	22992784	29771882	42477586	78682033	551654709	329589562	257789387	331808408	279460251	572786968
6553405	6627558	9797027	9688471	9746942	13122514	13157067	16415583	16303487	19733480	23125873	29758114	46230791	90536031	267320856	394429899	446535753	690672231	339363506	1282012451
6364853	6423997	9576056	9618021	9537867	12710705	12841569	12903037	16227951	19442726	22964117	26457180	36421685	59806830	396097700	487952872	303400555	449073252	340240325	1136195833
6450579	6493722	9650223	9726431	9791760	12997811	12924444	16002994	16195583	19415570	22832859	29661303	42761183	95366481	183467164	329878671	340755979	294575465	398587538	272156871
6437266	6464606	9631717	9635267	9648625	12855090	12844966	12867565	16095227	19268331	22642942	25923877	35782307	61719858	351417154	786080985	1665802551	460448625	271141115	250059292
6572624	6594537	9840654	9809918	9870909	13113346	13102600	12963083	16138835	19516110	22730278	26234397	36595227	53217929	163074335	282996407	158642315	561924995	530545163	588423870
6417666	6465357	9656213	9760291	9735896	13000871	13141169	16478740	16362672	19597785	22995408	29968793	43396026	102574414	265679630	439550540	459013112	584472753	297263707	918249523
6548754	6544576	9775838	9786656	9861491	13080503	13180476	13218166	16595424	19869377	23365553	30289954	40791164	71495220	1700079358	276542049	281844069	432505933	1725687652	557014462
6376441	6439126	9613516	9634641	9727692	12895447	12859369	12858883	16083860	19256382	19323553	25895483	32371066	48690931	114197627	383763470	499260227	302606116	363441633	375468810
6527803	6613481	9719001	9729245	9824636	13074736	13029753	13070654	16163481	19381251	22415694	25897649	35673918	58509481	737902240	583150771	587477037	203757566	187938236	352476025
6497286	6523480	9629829	9695232	9831947	13168034	13156459	13212104	16277489	19627108	22971354	26646398	36541851	56759443	224991168	120361931	297675027	458230788	295668734	227868961
6468506	6501597	9561021	9692805	9729780	12878611	12895393	16181736	16075410	19324038	22541258	29143833	45285569	120767688	325811107	904153028	240104859	579747706	342641653	425324178
6332853	6339131	9432099	9530889	9632546	12740451	12770990	15965481	16019943	19208119	22476966	29335135	42299031	78287587	271296078	926771503	1647517980	193986315	336779617	1651627171
6410997	6448113	9577950	9591946	9570218	12915890	12891729	13015796	16253126	19518586	22596265	29275262	42786063	79080310	651220888	333858935	287746932	171740211	722002559	337600179
6368275	6447262	9587880	9646255	9666038	12886028	12943039	13129679	16247717	19525450	22934484	26233296	36038240	59277385	204392316	298214234	253013633	133782976	170157534	279389348
6331658	6352046	9646263	9653339	9677659	12819510	12957532	12974409	16220118	19414330	22571842	26044291	35744914	51977806	178587927	266320196	563934558	471591852	481009764	621399309
6486992	6573249	9890497	9925593	10143382	13277508	13287048	16397552	16643946	19839581	23035165	29691448	42945830	82264074	270746537	256399569	207387249	317063317	262272440	220049288
6446433	6495810	9684398	9716219	9739818	12978437	13026520	13045976	16325885	19595604	22812659	26024134	35740051	58392254	190345785	254554843	1313527586	619536239	274941704	783022788

Newton Algorithm
8569001	8784241	8834421	8934576	14937982	15091619	15172633	15226693	21499265	22417011	22740297	23147191	30697839	32925697	59817867	575563930	104282926	121719255	163322494	117556718
8714031	8892736	8996098	9119781	15274145	15320720	15514253	15715484	21960608	22458855	23010297	23689595	30749771	33411053	70526158	156529872	127842326	181425908	6414729869	249786102
8633878	8777249	8919287	9084344	15057915	15218045	15245441	15438892	15688499	21814834	22394637	22912346	29852226	43323939	55246325	1348237045	115086671	117740328	224220306	142150211
8835703	8945718	9048712	9113603	15050985	15241898	15202011	15314311	15851339	22128283	22464374	23045062	30044702	31723682	95116471	192008918	169288590	295380215	169568733	143199757
8629147	8928519	8942227	8974587	14967499	15118643	15246918	15374788	21643478	22071574	22697398	23283245	30174147	33112931	120976707	130025578	173625353	261599349	266005097	412771149
8739135	8827012	8902871	9036927	15095664	15212621	15350363	15415091	21723670	22068691	22341792	23010895	29969160	32530871	82831183	81854625	155281834	327462664	221252318	936563016
8648373	8724263	8797697	8965997	15034977	15163269	15429285	15568144	21728888	21970940	22629565	23353458	30714561	41590236	94943257	117212822	791501348	187370585	239342193	128549981
8851254	8975844	9012330	9096513	15237156	15352789	15558527	15677777	15964259	22264339	22833778	23303481	30365015	31999290	134835516	83164487	223547332	145002512	546757869	289330584
8835190	9016911	9057547	9161758	15170994	15207974	15310012	15438271	15684441	21861096	22388810	22548993	29620927	31248646	1991479433	56433177	86282124	552338858	298820942	150271066
8776546	8988413	9158589	9330313	15526394	15628825	15890355	15841651	16115083	22541695	22907068	23444968	30772145	34228365	129970101	105344015	116529079	1122282044	201482137	209923945
8741091	8747168	8857029	9045080	15121239	15256100	15413285	15496801	15705506	22009615	22642058	23116707	30041439	38597006	72422056	215859787	101704105	542815527	191368968	245376999
8823718	8943201	9014119	9163354	15307125	15299057	15440204	15812741	15974203	22142052	22709439	23131879	30081516	32147724	61088634	127964731	157545144	2329501878	229913112	1215078318
9027508	9164584	9190085	9297264	15479434	15446705	15499881	15596729	15775654	22095879	22545239	22756770	30128690	32259859	157558459	136146923	123895040	143606022	232662894	202344220
8841388	9016451	9049440	9185166	15421216	15446001	15542905	15709905	16004274	22129089	22615268	23021881	23758476	31500682	43547296	57258207	82806308	119121406	187981378	307023934
8546224	8779593	8887960	9054566	15091445	15221233	15406852	15570822	21819684	22096344	22440637	23086830	30536890	39440987	106763604	98068693	398778754	132464962	156921832	116667869
8685347	9024956	8947682	9129805	15167504	15310378	15459266	15620825	15857507	22279109	22558729	23417405	30690049	34413006	127971510	129272243	1133862497	194481128	228727024	278340615
8769330	8917158	8957114	9066310	15107006	15213435	15349189	15472003	15740078	22066734	22426878	23013093	30133062	31627338	51988251	66503460	101194924	101558431	157505678	120571285
8450520	8632988	8668248	8798434	14766260	14899666	15145428	15237024	21528509	21914109	22196144	22953401	30023386	45100744	109475229	142861241	3041602064	173069572	704988156	287272629
8795070	8953427	8962108	9083132	15172261	15358271	15640563	15803895	21951973	22366623	22691529	23294591	30697994	39791090	151716482	1932140415	160486378	108417713	144775475	152937482
8755914	8931105	8906753	8973303	14987618	15174105	15187636	15286683	21506522	21837836	22276019	22920638	29811680	38072010	64735336	86278288	139118290	387773003	168711028	164154022
8877587	8953081	8950509	9070441	15134971	15293802	15427122	15534270	21820896	22132881	22488974	23286405	30891978	45663740	127264872	217068970	217466473	164506142	215201621	208014140
8774980	8987975	8999676	9117328	15202864	15262759	15369413	15572326	15857434	22305810	22635789	23210681	30146942	32876666	69602237	74644983	287195748	149743993	191270317	800077950
8776360	9165803	9076837	9183217	15294238	15407043	15592598	15777691	21992705	22219903	22756717	23548788	30962104	82425333	199408174	2510007642	110938092	194819678	207988867	180458702
8664337	8818722	8885468	9096570	15142183	15262015	15398445	15600218	15716614	21929767	22455649	22975226	29627587	31384957	85943439	201554727	169342255	139304468	6168026930	169729802
8708681	8937887	9022111	9147020	15195287	15366441	15442886	15638230	15886742	22040313	22568543	22959369	29832543	31359571	53885721	222271522	79941773	123652832	131763439	184828757
8832350	8890650	8952527	9085417	15103374	15170782	15240619	15410530	15776800	22062704	22582031	23205285	30245263	32675058	128477698	133993854	191246855	414426292	142241211	211417358
8714866	8833191	8750819	8888706	14986311	15121004	15203977	15411544	15684753	22189964	22509976	22964947	29780134	43151720	69324697	496163820	361718040	118286625	101574777	194766137
8624237	8834941	8867657	8979909	15082206	15206757	15274936	15411406	15512434	21746663	22050750	22503809	29101048	30694736	51102583	158613409	167726605	188818936	95828455	210890851
8590326	8653193	8724877	8855192	14842729	15019711	15248062	15451015	21570128	22005560	22445753	23168125	30163290	44352027	128986071	96289790	99928430	172957134	161780161	848677825
8733371	8846987	8815788	8927768	14950092	15082795	15183162	15197929	15455454	21849237	22278636	22665119	29628202	32023267	55858433	244203796	204156036	408998756	1554935444	149995419
8869106	8769490	8816400	8960982	14996246	15125679	15211144	15378608	21632564	21922186	22346338	23147454	30077490	33257442	134417821	4937867951	492862280	128561074	157491704	175966517
8662265	8916765	8929005	9046208	15088278	15249364	15335058	15461862	21704340	22141010	22346041	23010595	29969694	44530242	102981034	432275656	136012625	128850576	151785277	135890508
8666831	8915828	8962686	9112655	15153538	15323994	15456454	15562951	15795266	22178226	22425802	23240902	30012912	33035540	108417334	125138953	210115130	372875695	643286465	214638090
8849564	8960740	8947490	9022063	15138476	15344382	15624535	15680719	21897333	22220861	22654317	23234158	30355919	39208506	71992177	140631750	109599287	115686503	188133968	262292317
8602414	8766642	8822183	8939888	14787496	14925687	15152071	15306628	15610927	21839781	22427218	22839630	29745558	31402968	63420434	97484456	413682840	168245668	229781556	858552593
8698923	8765789	8808234	8971718	14965107	15112653	15198649	15269344	21601245	21864290	22313812	23030143	30004023	44009105	77902452	268982574	155153361	226213862	1341739935	367496363
8683608	8806587	8817102	8939868	14879825	15056720	15151098	15342873	15600708	21755029	22238858	22698049	29502983	31509353	85796060	186941180	193917239	234755431	141716693	118317484
8767427	8872208	8927225	9004750	15058385	15194893	15301644	15304849	15528311	21711643	22049980	22695801	29523727	31252092	52645805	114640464	140207532	165754111	201259861	210058213
8623184	8750796	8815431	8942942	14978029	15225506	15462085	15644037	21696892	21921514	22370801	23168105	30424398	40648574	99623283	117858425	919148235	643996422	142644864	282487059
8865980	8871696	8881672	9029176	15073698	15188304	15321185	15511442	15867934	22143093	22559907	23119954	30196132	32246413	144695170	90133434	105160278	325265350	272493749	198851279
8610845	8766651	8848975	8963084	14949963	15118026	15178980	15271999	15546293	21627835	21973237	22509732	29252526	30688648	59367444	165604482	97059038	141665061	234370197	272555972
8752779	8945149	8926144	9014723	15117951	15196359	15275325	15361901	21662763	21886123	22156616	22720922	29553545	31619292	81375685	163597445	291345217	101479006	311476019	189898612
8700910	8832320	8828104	8971017	15044672	15267663	15375056	15527250	15643998	21818002	22229929	22820297	29601486	31163734	52782563	69080210	127478217	180626517	866560097	142176991
8672465	8771465	8736489	8954169	14928222	15038815	15195712	15320226	21358095	21667051	22153349	22927763	30116570	40074862	118391343	154305111	181283398	145364709	170793322	283019101
8581290	8690904	8693638	8875990	14943411	15024121	15157645	15305042	21511564	21760464	22160175	22896992	29889198	32326528	74841507	1434804200	134119812	101949975	104075038	163893963
8682661	8809432	8852689	8990502	14944711	15184507	15326917	15524907	15797970	22074304	22381415	22849857	30077530	43844495	82876817	104441111	105903986	115933005	203410484	132507460
8718759	8873075	8913104	9056627	15121487	15310315	15493121	15742631	21516914	21740404	22229583	22739820	29612931	31536724	84933391	89391089	125833132	99890553	102587572	129762557
8587569	8744323	8867535	8968168	14963663	15102343	15294902	15443688	15689198	21849180	22121402	22627351	29395259	31185747	53927549	117809390	163797675	143569405	187791406	184618215
8713173	8893365	8983100	9063076	15409457	15386150	15451987	15521891	21976235	22171777	22350547	23083161	30148110	44302157	158829078	101694404	247441138	147964507	251994172	131658167
8699882	8877263	8929195	9016341	15069924	15251518	15421158	15560312	15806136	22013444	22477956	22839027	29750045	31775678	54429537	93637008	215328214	206299424	146419771	515179627

Hybrid Algorithm
5796642	5914548	9094042	9122396	9190070	12412566	12421390	12364677	15605956	19203790	22642193	29186863	30103704	37863931	82182556	68144342	67774781	67028407	86792746	54277329
5812155	5916769	9203762	9182652	9269953	12401771	12607031	12627940	15873074	19070971	22490254	29346020	29855456	37777580	68458332	70717196	69294093	97268227	133616388	82703872
5801104	5857943	9152316	9216999	9169590	12189478	12292710	12398654	15599749	18802387	22100472	28894586	29238432	41807992	54296979	104839473	64271269	113549731	109475995	81478896
5982485	5974996	9291361	9209405	9216751	12393583	12314970	12321303	15579663	18661200	21930290	28995599	29201486	29452014	46236065	76599509	116291671	164260879	77619564	65275190
5840335	5971782	9259637	9191137	9167427	12292631	12391946	12456128	15755858	19079019	22404319	29177962	29503807	37096661	74209122	79039411	215105839	77383843	143200452	70513778
5942399	5924966	9212188	9235772	9327818	12554060	12564838	12564265	15873259	19396854	22634106	29304136	29769735	37445677	67319056	55957022	82946814	85526639	67491088	72190591
5815092	5805931	8985514	9087404	9191095	12387296	12396608	15534916	15611210	18856373	28922594	29114008	29802359	45262331	53832297	102388250	55423525	150625258	59538190	55634564
5998868	6018045	9250674	9233673	9338389	12533574	12726411	12683168	16034186	19421932	22914182	29462941	30043834	37253433	140044270	51722866	56419020	101079542	76547216	65917808
6010829	6106409	9392181	9382681	9327411	12489718	12433017	12429819	15725658	18911073	22409178	28560980	29321720	36441260	3015939053	37104077	80708320	79948541	322045137	54976254
5946501	6073622	9438013	9591735	9624151	12950170	13009757	16304055	16348055	19730790	23176406	29751339	30197687	38438587	66580207	69244939	68536389	141383353	63076753	65724796
5935573	5842175	9133306	9221155	9317209	12548187	12506060	15854042	15840450	19102642	23072439	29393475	29685665	37543261	72257132	102084970	72204735	79160076	99033877	89407122
6027192	6058842	9404090	9424240	9490415	12605883	12560361	12948872	16190184	19351886	22995842	29838411	29934863	42980985	57094924	66898800	79712685	79916277	1339655143	174728535
6085222	6140585	9445214	9417027	9423613	12736631	12689419	12722573	16002679	19301474	22738896	29270949	29896247	42817489	178813029	73946925	56136564	86281856	75191205	353238547
6030796	6095092	9394122	9441740	9566194	9547750	12801043	12847793	16185260	19447228	19557948	29559888	29799668	30382731	45875478	65501941	47622430	1097775501	69595985	220116418
5727709	5846439	9138292	9203095	9265894	12481582	12549819	15807920	15776874	19154299	22543723	29206452	29819111	37607011	80146979	65549794	101346269	68963127	100660000	67987278
5846848	6039369	9156651	9236856	9231554	12518924	12466540	12541390	15836485	19147363	22450646	29230130	29795569	37723969	87913020	90254225	113338721	70072352	56829793	84026042
5942191	5993432	9240856	9212940	9274506	12501151	12565618	12593320	15848437	19256139	22755655	29274823	29890572	30220321	58218395	45361957	131107970	67592644	95544221	54749401
5645868	5706341	8764537	8753985	8866396	12042128	12137919	15333328	15454219	18801872	21944937	28949299	29267500	49323898	74513155	98898782	46756298	114984840	69456379	77926887
6047620	6049417	9302650	9337366	9383858	12685928	12757992	16088299	16118013	19538665	22866244	29573130	30097474	37879248	115985039	216413407	92699031	54783533	111826939	6911108888
5937173	5989653	9156281	9158327	9196344	12482307	12398730	12291256	15612424	18788054	22327393	29128813	29540349	42113470	66019935	106608729	78895810	132648943	97511479	80219568
6003469	5993308	9155915	9184047	9188101	12407679	12470937	15699934	15733838	18924800	22261291	29065510	29993522	37875003	53973550	150401576	206902000	55331765	161845442	123491940
5846997	6016836	9227699	9204065	9265567	12333553	12371968	12430159	15762834	19193385	22603794	29273883	29365477	37148062	62192716	56229511	181894446	202289633	87211248	85803112
5919748	6078491	9369621	9454522	9457670	12714976	12694936	15969421	16029909	19345989	29518397	29903259	30188295	54107058	195639545	76226905	56053076	124763870	67690732	73229656
5889573	5918748	9143172	9292116	9354797	12605870	12608390	12636245	15765425	19075497	22486052	29251939	29134189	41336264	55843297	94399902	75353980	46500638	338430213	71774574
5879015	5982384	9294975	9325510	9341474	12572083	12549640	12627484	15889940	19069046	19282377	29140446	29391660	29789738	37994367	135848479	67495725	135767693	84688669	168515625
6017934	5936402	9204014	9224887	9199044	12354762	12284493	12345947	15680960	18919266	22457612	29161288	29682153	37079353	163374044	87735355	81612344	237147644	57721481	86679074
5888607	5910646	8897951	8914019	9068140	12278795	12206559	12310497	15554829	19060344	22325746	28924481	29064284	41427729	57816601	57771178	99896267	69711076	79022856	66379971
5800353	5924993	9086343	9120522	9173173	12428091	12335247	12382058	15537011	18729730	18923227	28499829	28713616	29288483	49083119	82460058	108617752	70107560	46170551	2692573043
5812572	5782387	8968733	8971019	9067809	12316430	12298097	15631635	15712370	19236309	22672935	29352469	29822640	37638236	78751710	68257232	59139957	98939156	66192087	84558004
5885436	5901540	9022818	9099755	9131302	12322344	12281984	12197436	15388455	18923957	22239327	28619656	29089325	36507780	103503084	88043255	120871702	246155230	68213687	45314627
6047946	5877977	9029988	9088473	9156920	12329667	12326563	12339597	15589586	18956719	22316878	29106299	29536867	37368952	97960786	74640558	55657455	55129701	67232516	78157256
5823104	5963918	9211657	9196883	9199052	12436028	12426369	15693218	15775182	19246195	22416041	28947050	29300468	37467429	110230652	56924947	82615475	97248138	78272311	111009899
5819845	5962266	9172332	9209693	9265240	12480975	12541118	15785211	15776838	19194244	22362926	29239801	29262601	36972843	115597204	71070698	124316826	65776090	78850040	91756761
5972772	6006122	9159021	9088098	9190736	12515491	12566780	15814681	15734860	19165167	22545931	29167821	29512868	37403125	72201988	80509912	92654568	109759804	72456117	173572678
5787461	5837176	8983381	9045057	8918665	12153333	12255066	12305442	15627098	18819965	22326736	29083169	29472684	41789129	55514198	58323901	56734003	109713669	96669923	132411002
5900989	5892234	9049160	9145299	9227886	12380633	12332616	15441934	15623171	18960281	22239262	29074815	29373471	37046919	64993728	169149201	68670960	67933147	106197584	68524777
5855144	5862054	9020840	9032944	9047451	12202601	12236588	12327897	15531139	18704440	22116070	28586919	29003819	41206780	55389505	759071833	81155953	70484296	82063114	68151702
5981153	6012717	9249166	9206728	9264575	12501868	12456309	12325042	15578126	18892066	22131529	28949119	29397184	29947073	45431246	67479440	54600017	83540523	110921203	129640602
5838640	5877029	9094272	9125770	9166214	12425112	12541319	15847198	15768476	18999573	22371529	29339251	29687853	38376871	69288170	87314613	6197766411	69077285	56024540	83686832
5980695	5945018	9172636	9158851	9254666	12496273	12593235	12590568	15997939	19273340	22791470	29601133	30123891	37221471	259533593	55043353	67340176	69615221	234024153	90145710
5796637	5851204	9062079	9052782	9183632	12322919	12271636	12206030	15526407	18684778	18812075	28618287	28720154	29271044	44248340	82516253	131011335	219345647	79240754	111130738
5949469	6031720	9226928	9138698	9259981	12459859	12381243	12452944	15605963	18767209	21877447	28551999	28941745	29548160	55807419	75869767	103557914	54710769	74372691	76586738
5897412	5893215	9036619	9052999	9211565	12555512	12571997	12619125	15719002	19028545	22355060	29279327	29403292	30121333	45717393	45417335	578369183	159778769	108003638	54143197
5879333	5903809	8954307	9099453	9127249	12285987	12342962	15569474	15511956	18743653	21990919	28669944	29094218	37358055	83173780	95394611	61734906	440384937	76033325	68837294
5741330	5752919	8850459	8977662	9023658	12200171	12218722	15409546	15466815	18639548	21916376	28788442	29131078	36585673	54299830	124982401	156364241	54525951	78635231	127238333
5806277	5841010	8967231	9013542	8891458	12280263	12266312	12358386	15660290	18925046	22024699	28704512	29387217	36848543	56535712	80598207	60594968	55813381	94039662	70148886
5769060	5834819	9021284	9029475	9090396	12278549	12356015	12603846	15669574	18956118	22362098	28946931	29147327	41617735	76911788	67568263	66590863	46695446	45940031	85985670
5757879	5811525	9101380	9104785	9115603	12257288	12383278	12416777	15632539	18865326	22066138	28784161	28934389	29522677	45987806	54320682	78300894	69578977	58862306	71351874
5898247	5980214	9305055	9344677	9603322	12688775	12704083	15782349	16048670	19132803	22384691	29049743	29500053	37029744	75858359	67999706	172637161	69615670	67860306	46688944
5861757	5923606	9131028	9118955	9159633	12378920	12440800	12481081	15735745	19025246	22314512	28768977	28972355	41249336	53843263	67626617	271761717	90515314	56268915	83802521

BCH5 SpecOrth logarithm
2	2	3	3	3	4	4	4	5	6	7	9	12	24	70	129	106	67	76	55
2	2	3	3	3	4	4	4	5	6	7	9	13	27	211	169	127	223	118	148
2	2	3	3	3	4	4	4	5	6	7	8	11	17	69	166	156	358	174	82
2	2	3	3	3	4	4	4	5	6	7	8	11	17	60	169	178	96	328	69
2	2	3	3	3	4	4	4	5	6	7	9	12	24	73	206	154	158	182	233
2	2	3	3	3	4	4	4	5	6	7	9	13	28	86	70	354	368	91	333
2	2	3	3	3	4	4	5	5	6	8	10	16	47	53	59	61	158	61	69
2	2	3	3	3	4	4	4	5	6	7	9	12	22	153	42	93	257	57	62
2	2	3	3	3	4	4	4	5	6	7	9	12	21	500	25	97	143	179	80
2	2	3	3	3	4	4	5	5	6	7	10	15	42	49	124	92	120	209	84
2	2	3	3	3	4	4	5	5	6	7	9	14	29	43	227	68	141	84	118
2	2	3	3	3	4	4	4	5	6	7	8	11	19	113	137	158	78	190	307
2	2	3	3	3	4	4	4	5	6	7	8	11	20	417	159	72	240	77	500
2	2	3	3	3	3	4	4	5	6	6	8	10	15	50	73	60	107	106	165
2	2	3	3	3	4	4	5	5	6	7	9	14	32	60	71	119	93	124	93
2	2	3	3	3	4	4	4	5	6	7	9	13	44	48	202	201	161	97	99
2	2	3	3	3	4	4	4	5	6	7	8	11	17	47	42	135	86	172	71
2	2	3	3	3	4	4	5	5	6	7	10	14	38	70	81	48	326	101	500
2	2	3	3	3	4	4	5	5	6	7	9	13	29	49	188	116	70	88	219
2	2	3	3	3	4	4	4	5	6	7	9	11	18	75	122	79	139	70	186
2	2	3	3	3	4	4	5	5	6	7	9	14	42	50	123	98	56	97	306
2	2	3	3	3	4	4	4	5	6	7	9	13	26	48	86	132	137	174	214
2	2	3	3	3	4	4	5	5	6	8	10	16	77	183	86	63	348	76	166
2	2	3	3	3	4	4	4	5	6	7	8	11	19	127	285	134	46	248	245
2	2	3	3	3	4	4	4	5	6	6	8	10	14	33	128	53	191	117	324
2	2	3	3	3	4	4	4	5	6	7	9	12	23	93	221	427	208	113	204
2	2	3	3	3	4	4	4	5	6	7	8	11	19	156	139	119	142	58	84
2	2	3	3	3	4	4	4	5	6	6	8	10	14	27	222	376	121	44	335
2	2	3	3	3	4	4	5	5	6	7	9	14	29	55	91	54	176	278	318
2	2	3	3	3	4	4	4	5	6	7	9	13	23	77	119	150	288	125	42
2	2	3	3	3	4	4	4	5	6	7	9	13	30	94	118	70	55	91	225
2	2	3	3	3	4	4	5	5	6	7	9	14	32	58	150	157	246	239	155
2	2	3	3	3	4	4	5	5	6	7	9	13	24	164	97	77	100	83	176
2	2	3	3	3	4	4	5	5	6	7	9	14	27	82	117	134	205	99	380
2	2	3	3	3	4	4	4	5	6	7	8	11	18	118	144	91	134	99	330
2	2	3	3	3	4	4	5	5	6	7	9	13	29	55	98	101	88	117	79
2	2	3	3	3	4	4	4	5	6	7	8	11	19	108	240	500	138	82	72
2	2	3	3	3	4	4	4	5	6	7	8	11	16	49	84	47	167	156	173
2	2	3	3	3	4	4	5	5	6	7	9	13	30	78	129	135	171	85	272
2	2	3	3	3	4	4	4	5	6	7	9	12	21	500	81	85	129	500	161
2	2	3	3	3	4	4	4	5	6	6	8	10	15	35	115	148	91	109	110
2	2	3	3	3	4	4	4	5	6	7	8	11	18	224	177	175	61	55	103
2	2	3	3	3	4	4	4	5	6	7	8	11	17	67	36	88	137	87	67
2	2	3	3	3	4	4	5	5	6	7	9	14	37	97	266	70	171	99	124
2	2	3	3	3	4	4	5	5	6	7	9	13	24	82	284	500	60	103	500
2	2	3	3	3	4	4	4	5	6	7	9	13	24	198	100	86	51	211	102
2	2	3	3	3	4	4	4	5	6	7	8	11	18	62	90	76	39	51	83
2	2	3	3	3	4	4	4	5	6	7	8	11	16	54	81	172	140	142	180
2	2	3	3	3	4	4	5	5	6	7	9	13	25	81	76	62	94	78	65
2	2	3	3	3	4	4	4	5	6	7	8	11	18	58	76	393	183	81	230

Newton Algorithm
2	2	2	2	3	3	3	3	4	4	4	4	5	5	7	47	9	10	12	9
2	2	2	2	3	3	3	3	4	4	4	4	5	5	8	13	10	13	500	19
2	2	2	2	3	3	3	3	3	4	4	4	5	6	7	108	11	10	17	11
2	2	2	2	3	3	3	3	3	4	4	4	5	5	9	16	14	21	12	10
2	2	2	2	3	3	3	3	4	4	4	4	5	5	12	11	14	18	18	19
2	2	2	2	3	3	3	3	4	4	4	4	5	5	9	8	13	22	12	59
2	2	2	2	3	3	3	3	4	4	4	4	5	6	9	11	55	15	13	9
2	2	2	2	3	3	3	3	3	4	4	4	5	5	14	9	18	12	38	18
2	2	2	2	3	3	3	3	3	4	4	4	5	5	188	7	9	46	25	10
2	2	2	2	3	3	3	3	3	4	4	4	5	5	11	10	10	78	14	10
2	2	2	2	3	3	3	3	3	4	4	4	5	6	8	19	9	39	11	11
2	2	2	2	3	3	3	3	3	4	4	4	5	5	7	10	12	160	15	79
2	2	2	2	3	3	3	3	3	4	4	4	5	5	14	11	10	11	16	14
2	2	2	2	3	3	3	3	3	4	4	4	4	5	6	7	8	10	12	21
2	2	2	2	3	3	3	3	4	4	4	4	5	6	9	10	33	11	12	9
2	2	2	2	3	3	3	3	3	4	4	4	5	5	13	11	90	13	12	19
2	2	2	2	3	3	3	3	3	4	4	4	5	5	7	8	10	10	12	10
2	2	2	2	3	3	3	3	4	4	4	4	5	6	10	13	207	12	57	22
2	2	2	2	3	3	3	3	4	4	4	4	5	6	12	147	13	9	10	11
2	2	2	2	3	3	3	3	4	4	4	4	5	6	8	9	12	29	11	12
2	2	2	2	3	3	3	3	4	4	4	4	5	6	10	18	15	10	15	15
2	2	2	2	3	3	3	3	3	4	4	4	5	5	8	8	25	11	13	53
2	2	2	2	3	3	3	3	4	4	4	4	5	9	17	176	9	16	11	11
2	2	2	2	3	3	3	3	3	4	4	4	5	5	10	18	13	10	382	10
2	2	2	2	3	3	3	3	3	4	4	4	5	5	7	18	8	11	10	12
2	2	2	2	3	3	3	3	3	4	4	4	5	5	11	11	16	33	10	13
2	2	2	2	3	3	3	3	3	4	4	4	5	6	8	40	31	9	9	15
2	2	2	2	3	3	3	3	3	4	4	4	5	5	7	13	12	18	8	19
2	2	2	2	3	3	3	3	4	4	4	4	5	6	12	9	9	12	12	68
2	2	2	2	3	3	3	3	3	4	4	4	5	5	7	20	15	28	120	10
2	2	2	2	3	3	3	3	4	4	4	4	5	5	13	334	39	9	10	11
2	2	2	2	3	3	3	3	4	4	4	4	5	6	10	35	12	9	12	10
2	2	2	2	3	3	3	3	3	4	4	4	5	5	10	10	14	28	45	13
2	2	2	2	3	3	3	3	4	4	4	4	5	6	8	12	11	10	12	20
2	2	2	2	3	3	3	3	3	4	4	4	5	5	8	10	29	13	16	59
2	2	2	2	3	3	3	3	4	4	4	4	5	6	9	24	11	17	76	16
2	2	2	2	3	3	3	3	3	4	4	4	5	5	10	18	17	16	10	9
2	2	2	2	3	3	3	3	3	4	4	4	5	5	7	11	11	12	12	15
2	2	2	2	3	3	3	3	4	4	4	4	5	6	10	10	68	47	10	15
2	2	2	2	3	3	3	3	3	4	4	4	5	5	15	9	9	23	17	12
2	2	2	2	3	3	3	3	3	4	4	4	5	5	7	13	10	11	17	15
2	2	2	2	3	3	3	3	4	4	4	4	5	5	9	15	23	8	18	11
2	2	2	2	3	3	3	3	3	4	4	4	5	5	7	8	11	12	58	10
2	2	2	2	3	3	3	3	4	4	4	4	5	6	11	13	12	11	13	18
2	2	2	2	3	3	3	3	4	4	4	4	5	5	8	116	13	9	9	11
2	2	2	2	3	3	3	3	3	4	4	4	5	6	9	10	9	9	13	10
2	2	2	2	3	3	3	3	4	4	4	4	5	5	9	9	11	9	9	10
2	2	2	2	3	3	3	3	3	4	4	4	5	5	7	11	11	11	10	13
2	2	2	2	3	3	3	3	4	4	4	4	5	6	17	10	19	12	16	9
2	2	2	2	3	3	3	3	3	4	4	4	5	5	7	10	17	15	11	37

Hybrid Algorithm
3	3	5	5	5	7	7	7	9	11	13	14	14	15	19	18	18	18	20	17
3	3	5	5	5	7	7	7	9	11	13	14	14	15	18	18	18	20	23	19
3	3	5	5	5	7	7	7	9	11	13	14	14	15	17	21	18	22	22	19
3	3	5	5	5	7	7	7	9	11	13	14	14	14	16	19	22	26	19	18
3	3	5	5	5	7	7	7	9	11	13	14	14	15	19	19	29	18	24	18
3	3	5	5	5	7	7	7	9	11	13	14	14	15	18	17	19	19	18	18
3	3	5	5	5	7	7	9	9	11	14	14	14	16	17	22	17	25	17	17
3	3	5	5	5	7	7	7	9	11	13	14	14	15	25	17	17	20	19	18
3	3	5	5	5	7	7	7	9	11	13	14	14	15	276	15	19	19	39	17
3	3	5	5	5	7	7	9	9	11	13	14	14	15	18	18	18	24	17	18
3	3	5	5	5	7	7	9	9	11	13	14	14	15	19	21	18	19	21	19
3	3	5	5	5	7	7	7	9	11	13	14	14	15	17	18	19	19	123	25
3	3	5	5	5	7	7	7	9	11	13	14	14	15	25	18	17	19	19	41
3	3	5	5	5	5	7	7	9	11	11	14	14	14	16	18	16	94	18	30
3	3	5	5	5	7	7	9	9	11	13	14	14	15	19	18	21	18	20	18
3	3	5	5	5	7	7	7	9	11	13	14	14	15	20	20	22	18	17	19
3	3	5	5	5	7	7	7	9	11	13	14	14	14	17	16	24	18	20	17
3	3	5	5	5	7	7	9	9	11	13	14	14	16	19	20	16	22	18	19
3	3	5	5	5	7	7	9	9	11	13	14	14	15	21	30	20	17	22	500
3	3	5	5	5	7	7	7	9	11	13	14	14	15	18	21	19	23	20	19
3	3	5	5	5	7	7	9	9	11	13	14	14	15	17	25	29	17	25	23
3	3	5	5	5	7	7	7	9	11	13	14	14	15	18	17	26	28	19	19
3	3	5	5	5	7	7	9	9	11	14	14	14	17	29	19	17	23	18	18
3	3	5	5	5	7	7	7	9	11	13	14	14	15	17	20	19	16	37	18
3	3	5	5	5	7	7	7	9	11	11	14	14	14	15	23	18	22	19	26
3	3	5	5	5	7	7	7	9	11	13	14	14	15	25	20	19	32	17	19
3	3	5	5	5	7	7	7	9	11	13	14	14	15	17	17	20	18	19	18
3	3	5	5	5	7	7	7	9	11	11	14	14	14	16	19	21	18	16	216
3	3	5	5	5	7	7	9	9	11	13	14	14	15	19	18	17	20	18	19
3	3	5	5	5	7	7	7	9	11	13	14	14	15	21	20	22	31	18	16
3	3	5	5	5	7	7	7	9	11	13	14	14	15	20	19	17	17	18	19
3	3	5	5	5	7	7	9	9	11	13	14	14	15	22	17	19	20	19	22
3	3	5	5	5	7	7	9	9	11	13	14	14	15	22	18	23	18	19	20
3	3	5	5	5	7	7	9	9	11	13	14	14	15	19	19	20	21	18	26
3	3	5	5	5	7	7	7	9	11	13	14	14	15	17	17	17	21	20	23
3	3	5	5	5	7	7	9	9	11	13	14	14	15	18	26	18	18	20	18
3	3	5	5	5	7	7	7	9	11	13	14	14	15	17	72	19	18	20	18
3	3	5	5	5	7	7	7	9	11	13	14	14	14	16	18	17	19	21	23
3	3	5	5	5	7	7	9	9	11	13	14	14	15	18	19	500	18	17	19
3	3	5	5	5	7	7	7	9	11	13	14	14	15	36	17	18	18	30	20
3	3	5	5	5	7	7	7	9	11	11	14	14	14	16	20	23	29	19	21
3	3	5	5	5	7	7	7	9	11	13	14	14	14	17	19	21	17	19	19
3	3	5	5	5	7	7	7	9	11	13	14	14	14	16	16	59	26	21	17
3	3	5	5	5	7	7	9	9	11	13	14	14	15	19	20	17	48	19	18
3	3	5	5	5	7	7	9	9	11	13	14	14	15	17	23	26	17	19	23
3	3	5	5	5	7	7	7	9	11	13	14	14	15	17	19	17	17	20	18
3	3	5	5	5	7	7	7	9	11	13	14	14	15	19	18	18	16	16	20
3	3	5	5	5	7	7	7	9	11	13	14	14	14	16	17	19	18	17	18
3	3	5	5	5	7	7	9	9	11	13	14	14	15	19	18	26	18	18	16
3	3	5	5	5	7	7	7	9	11	13	14	14	15	17	18	33	20	17	19
